General=86.500000
Music=57.500000
Sounds=53.000000
