General=86.500000
Music=8.000000
Sounds=53.000000
