General=55.000000
Music=0.000000
Sounds=0.000000
