General=100.000000
Music=100.000000
Sounds=100.000000
