General=100.000000
Music=41.500000
Sounds=36.500000
