General=86.500000
Music=0.000000
Sounds=0.000000
