General=86.500000
Music=28.500000
Sounds=47.500000
