General=55.000000
Music=20.000000
Sounds=0.000000
